0 0.277549996917681 0.29292431974169053 0.0639413864894797 0.04864810015828454
0 0.33574322871908374 0.29746941574334007 0.05612888648947969 0.04842077962517113
0 0.3931552105204864 0.3020372437983009 0.05749112739018099 0.045341243731793844
0 0.45301107187153844 0.30497437569332764 0.060716256939830335 0.04699467194503928
0 0.27376486042820136 0.3398220517950019 0.054366127390180985 0.04525031551854841
0 0.32893322177925344 0.34289557600989673 0.061978368290882366 0.04235263605166191
0 0.3855138888058315 0.3482673861181689 0.055828497840531635 0.04373327962517113
0 0.44531968538205885 0.35198576801319564 0.054265997840531634 0.0436878155185485
0 0.2678362330380204 0.3836629800082473 0.05260336829088237 0.04207985141192579
0 0.3215422239387218 0.3852194683297648 0.055828497840531635 0.04373327962517113
0 0.37729157619047515 0.3913952604913483 0.05582849784053172 0.04373327962517113
0 0.4378786227667025 0.39509091033306365 0.05114099784053181 0.04359688730530316
0 0.2581014851974887 0.4260550684880494 0.055928627390180986 0.045295779625171305
0 0.3148824113233654 0.42830187859632146 0.05935401603912895 0.05007420783841656
0 0.3705816988002942 0.435258920757905 0.05749112739018099 0.045341243731793844
0 0.4311687453765215 0.4389545705996204 0.05582849784053181 0.043733279625171304
0 0.25149173735695707 0.46835622875460603 0.054366127390180985 0.04525031551854859
0 0.3095347748338858 0.47524507475625555 0.05114099784053163 0.04359688730530316
0 0.36543432141011317 0.479077116917839 0.05749112739018099 0.045341243731793844
0 0.4235274236618666 0.48518471291948845 0.05602875693983034 0.046858279625171126
0 0.5953091934016234 0.323447927884041 0.05632914558877822 0.05154577962517113
0 0.6505078331303056 0.3382174700456244 0.05935401603912886 0.05007420783841656
0 0.7048751580841629 0.3537909942605193 0.05925388648947969 0.04851170783841656
0 0.764761297812845 0.3684241441022347 0.06550388648947951 0.04869356426490725
0 0.5739558251107411 0.36461849716351313 0.05915375693983034 0.046949207838416565
0 0.6274417705149491 0.3817772534317193 0.062278756939830336 0.04704013605166182
0 0.6825903454688066 0.3973280455933027 0.05915375693983034 0.046949207838416565
0 0.739451614747138 0.41048962364826364 0.061016645588778215 0.0516821719450391
0 0.5493773272702093 0.4074424946562306 0.060716256939830335 0.046994671945039104
0 0.6029634022240667 0.42303875092443677 0.062278756939830336 0.04704013605166182
0 0.6612369771779243 0.43849861487277497 0.06550388648947969 0.04869356426490725
0 0.717116737356957 0.45480792498104705 0.06237888648947969 0.04860263605166182
0 0.5265115237541516 0.4478772780423256 0.060716256939830335 0.046994671945039104
0 0.5815099043835351 0.46577182020390906 0.05905362739018098 0.04538670783841638
0 0.6374397293373926 0.4812998803121811 0.06227875693983016 0.04704013605166182
0 0.6925883042912501 0.4968506724737646 0.060916516039128864 0.0501196719450391
0 0.5050580259136199 0.49061034732179765 0.06081638648947969 0.0485571719450391
0 0.5593752860926526 0.5069651215366925 0.060916516039128864 0.0501196719450391
0 0.6144737962716856 0.523297163698276 0.062479016039128865 0.05016513605166182
0 0.6711348064507183 0.5395837417532368 0.06424177513842758 0.053335600158284535
0 0.396184871225543 0.5468041745188287 0.06726664558877822 0.051864028371529966
0 0.4371009654577319 0.5775851615867049 0.06081638648947969 0.0485571719450391
0 0.47557318014027156 0.6099968448145152 0.062479016039128865 0.05016513605166182
0 0.5148266448228112 0.6423857959890142 0.06071625693983016 0.046994671945039104
0 0.5588176742801754 0.673857104843645 0.06736677513842756 0.05342652837152997
0 0.352094909782206 0.577719205397641 0.06237888648947969 0.04860263605166182
0 0.3929108744647455 0.6100626924655174 0.05915375693983034 0.046949207838416385
0 0.43465828347175905 0.6400396974800822 0.05925388648947951 0.048511707838416386
0 0.47464293337947405 0.6731871666012699 0.06081638648947969 0.0485571719450391
0 0.5193651480620136 0.7054169934025895 0.07039164558877822 0.051954956584775405
0 0.31269244833886883 0.6084978439565853 0.05935401603912895 0.05007420783841639
0 0.3526770982465838 0.6416453130777731 0.0639413864894797 0.04864810015828454
0 0.392912072028422 0.6708865321989606 0.062479016039129046 0.05016513605166182
0 0.43216553671096164 0.7032754833734596 0.062278756939830336 0.04704013605166182
0 0.47376275139350116 0.7355962383880245 0.06862888648947951 0.04878449247815268
0 0.26792136644518105 0.6378731068887091 0.06696625693983034 0.04717652837152997
0 0.311812266352896 0.67090691574334 0.05915375693983034 0.046949207838416385
0 0.3496033605850849 0.7017788310244617 0.05749112739018099 0.045341243731793844
0 0.3926629457179752 0.735616621932404 0.06384125693983034 0.04708560015828454
0 0.43206660472498876 0.7656618231069029 0.0639413864894797 0.04864810015828454