0 0.239037130890208 0.36310643910030505 0.06522626291777786 0.051864028371529966
0 0.2971223878240622 0.3497055171552659 0.05745013050895835 0.053199207838416564
0 0.3551894609623261 0.33708584521022666 0.0589398953265972 0.05011967194503919
0 0.41409233548736085 0.3220996912118761 0.06210126291777769 0.051773100158284534
0 0.25051883833715244 0.4064927262473236 0.055778527735416715 0.04846624373179385
0 0.3054609114754163 0.3939639825155298 0.06199216014423614 0.04708560015828454
0 0.36272855081808997 0.3821482926238019 0.05574216014423623 0.046903743731793845
0 0.4216132415475344 0.3679433886254514 0.05417966014423623 0.046858279625171126
0 0.2596749795796871 0.4491659595542762 0.05414329255305557 0.045295779625171305
0 0.3123096703091316 0.43514291198241634 0.05574216014423614 0.046903743731793845
0 0.36954094206062466 0.42488972209068854 0.05574216014423614 0.046903743731793845
0 0.4292250665856594 0.4098808360390266 0.05261716014423605 0.04681281551854841
0 0.26492487082222177 0.4919528531277854 0.057341027735416716 0.04851170783841656
0 0.3207027453472565 0.4770576273426803 0.06057513050895835 0.053290136051661816
0 0.3771345833031593 0.46760841950426374 0.05890352773541672 0.0485571719450391
0 0.43758177403260384 0.4533580513992905 0.05574216014423605 0.046903743731793845
0 0.27177362965593704 0.533131782594672 0.055778527735416715 0.04846624373179385
0 0.3305855852030204 0.5220518785963215 0.05261716014423614 0.04681281551854859
0 0.3863089083412843 0.5095004028112162 0.05893989532659729 0.0501196719450391
0 0.4451208638883676 0.4984204988128658 0.05737739532659738 0.05007420783841639
0 0.5583151141727081 0.2976044934025895 0.05748649810013902 0.054761707838416565
0 0.6169270479682984 0.29511833940423887 0.06057513050895835 0.053290136051661906
0 0.6755207979682984 0.2934134354058883 0.05897626291777769 0.05168217194503919
0 0.7380571655594789 0.2900323711409811 0.06682513050895836 0.05347199247815269
0 0.5518098878240622 0.3422948677757688 0.06050239532659738 0.05016513605166182
0 0.6095860202328817 0.34217519583072964 0.06366376291777769 0.05181856426490725
0 0.6681615864372914 0.34125154183237905 0.060538762917777864 0.051727636051661904
0 0.7276093216196525 0.3363989057807172 0.062210365691319505 0.05646060015828454
0 0.5413620438842358 0.38866140241550495 0.062101262917777865 0.051773100158284534
0 0.5991563600886455 0.38776048047046574 0.06366376291777769 0.05181856426490725
0 0.6608932938842358 0.38518339825886977 0.06526263050895835 0.05342652837152997
0 0.7202501100886455 0.38423701220720796 0.06210126291777769 0.051773100158284534
0 0.5332943175355899 0.43339724089530696 0.062101262917777865 0.051773100158284534
0 0.592614766148819 0.43401335484364517 0.06046602773541672 0.04860263605166182
0 0.6520079499444094 0.4315044687919832 0.06362739532659738 0.05025606426490725
0 0.7105835161488191 0.4305808147936327 0.062173998100139016 0.05489810015828454
0 0.5267527235957635 0.47965011526848633 0.062137630508958354 0.053335600158284535
0 0.5845652235957635 0.4779679433234472 0.062173998100139016 0.05489810015828454
0 0.6439038560045829 0.4778028072717853 0.06370013050895836 0.053381064264907255
0 0.7040601060045829 0.47605243916681206 0.06537173328249998 0.05811402837152997
0 0.43890592505878423 0.5641818911327338 0.0684603656913195 0.0566424565847754
0 0.48848769776020784 0.580695789720808 0.062137630508958354 0.053335600158284535
0 0.5372518528704509 0.5987949203621936 0.06370013050895836 0.053381064264907255
0 0.586016007980694 0.6168940510035791 0.062101262917777865 0.051773100158284534
0 0.6394858468865273 0.6340755393250965 0.06849673328249999 0.058204956584775404
0 0.4067285514836801 0.6049349232651874 0.06210126291777769 0.051773100158284534
0 0.457055206593923 0.6229885897999503 0.05897626291777769 0.0516821719450391
0 0.507436413090937 0.6386985063347131 0.06057513050895835 0.053290136051661816
0 0.5569636344055897 0.6575561549227874 0.062137630508958354 0.053335600158284535
0 0.611214723311423 0.6747149111909935 0.0715853656913195 0.05673338479802066
0 0.37845742790857584 0.6455742951310844 0.06057513050895835 0.053290136051661816
0 0.4279846492232286 0.6644319437191586 0.06366376291777787 0.05181856426490725
0 0.4768215395158327 0.6794060743605441 0.06370013050895836 0.053381064264907255
0 0.5255675108304855 0.6982864550019297 0.06362739532659738 0.05025606426490725
0 0.5766754159407286 0.7163173894833812 0.06998649810013902 0.05512542069139794
0 0.3447357381290619 0.6855915413701607 0.06835126291777786 0.051954956584775225
0 0.3981873932393049 0.703554279691678 0.060538762917777864 0.05172763605166182
0 0.44538904834954796 0.7216988744396864 0.05893989532659738 0.05011967194503928
0 0.4988407034597911 0.7396616127612039 0.0652262629177777 0.051864028371529966
0 0.5468599761612146 0.7562209754559007 0.06370013050895836 0.053381064264907255