0 0.18194888665659137 0.08807145290907381 0.11046588001272668 0.10203794191141169
0 0.2778062793205006 0.11566550187409978 0.09796588001272673 0.1010907485501075
0 0.37052049065086434 0.1445852524987997 0.0916067920114541 0.09124215186945542
0 0.46328015531509176 0.16959875312349962 0.09166133601209037 0.09592965186945542
0 0.16940288598027364 0.15827720913285112 0.08686474801081764 0.08619945435896632
0 0.25974607531031924 0.18936311100230652 0.09467724801081764 0.08679145020978143
0 0.35168812730745574 0.21744241204192494 0.09782042934436319 0.08859074855010744
0 0.4467369979710468 0.2473210114218694 0.09623974801081765 0.0869098493799445
0 0.153695522636865 0.23137116701630242 0.09469542934436315 0.08835395020978147
0 0.2472091653007742 0.2587876172260838 0.09306020401018138 0.08198555103961844
0 0.34225803596436527 0.2886662166060283 0.09623974801081765 0.0869098493799445
0 0.43342792862827456 0.3159050680605652 0.08842724801081765 0.08631785352912935
0 0.14114043129377454 0.3023581732400797 0.0993647480108177 0.08714664772027056
0 0.12318931528486587 0.36668078236828644 0.09622156667727225 0.08534734937994451
0 0.22765918662477466 0.32611682718412754 0.09311474801081765 0.08667305103961845
0 0.3226353319541839 0.362245426564072 0.1009454293443631 0.08882754689043351
0 0.4154040872851841 0.3864776771887719 0.09467724801081764 0.08679145020978148
0 0.20964443594845691 0.39590818631233426 0.09315111067790856 0.08979805103961844
0 0.30389387527850253 0.4272900861071972 0.09465906667727228 0.08522895020978147
0 0.3974166086091845 0.45392528631697865 0.09782042934436311 0.08859074855010754
0 0.693021651973274 0.24956263072254567 0.11050224267981754 0.10516294191141169
0 0.7784773466343197 0.29748083508151196 0.09940111067790873 0.09027164772027056
0 0.8639512226289108 0.3438365394404783 0.10417951734563573 0.09843934523075956
0 0.9486711206238201 0.3877892942143631 0.096330654678545 0.0947223493799445
0 0.6508608766311379 0.3112688027132255 0.09941929201145391 0.09183414772027057
0 0.7339728212921838 0.35900940831694733 0.10254429201145392 0.09207094606059654
0 0.8218086286203203 0.40398021143115814 0.099455654678545 0.09495914772027056
0 0.9103802326145933 0.4529164641304505 0.11050224267981754 0.1051629419114116
0 0.6040216919557747 0.3718385271934163 0.10416133601209036 0.09687684523075957
0 0.6941739772835932 0.4193306790628717 0.10103633601209036 0.0966400468904336
0 0.782781943944957 0.46514193176216406 0.09629429201145409 0.0915973493799445
0 0.8721529792727756 0.512574884046538 0.11201019867918127 0.10059384108157463
0 0.5634415979471843 0.4321005983542593 0.10724997334499946 0.09398864357108572
0 0.6528399052753209 0.47718980063863314 0.10254429201145392 0.09207094606059663
0 0.736751281269912 0.5234271058274365 0.10101815467854483 0.0950775468904336
0 0.8276575445974123 0.5733222072819733 0.09936474801081766 0.08714664772027056
0 0.5212808226050483 0.49380677034493914 0.11033861067790855 0.09110044191141178
0 0.6138041299331849 0.539132770969639 0.10098179201145392 0.0919525468904336
0 0.6992870965945487 0.5847072253286053 0.09941929201145391 0.09183414772027057
0 0.7847246099220491 0.6341879296875715 0.10259883601209037 0.09675844606059662
0 0.3494598192632305 0.5433420612120881 0.11050224267981763 0.10516294191141178
0 0.27868369525782166 0.5778578485547519 0.10419769867918127 0.10000184523075965
0 0.2141484805856401 0.6136284825780679 0.10579656134627217 0.10324524440092268
0 0.14261837858054943 0.6457413203356502 0.10577838001272669 0.10168274440092269
0 0.40651779392109455 0.6125665805081197 0.09943747334499946 0.09339664772027056
0 0.46913542524668583 0.6743929968997223 0.104143154678545 0.09531434523075966
0 0.530908171904868 0.7416289637062432 0.10096361067790856 0.09039004689043359
0 0.5935076218969139 0.8050178800978458 0.10256247334499946 0.09363344606059662
0 0.3412195105824584 0.6467155149463544 0.100981792011454 0.0919525468904336
0 0.2720149772438223 0.6805684514591813 0.09782042934436319 0.08859074855010754
0 0.20281044390518618 0.7144213879720083 0.09787497334499946 0.09327824855010754
0 0.40147521057450425 0.7099268325827122 0.10408861067790856 0.09062684523075966
0 0.3353774959023227 0.7455790674358653 0.10256247334499946 0.09363344606059662
0 0.2614945532304593 0.7782955564382031 0.10096361067790856 0.09039004689043342
0 0.3225587752228233 0.8392223236596426 0.10416133601209036 0.09687684523075965
0 0.38127015654841456 0.9007527421258376 0.10261701734563573 0.09832094606059663
0 0.39407978656114123 0.8078907359020601 0.09473179201145401 0.09147895020978147
0 0.4593780698997774 0.7737418014638257 0.10410679201145392 0.09218934523075965
0 0.5243303605585959 0.8365270666106726 0.09941929201145391 0.09183414772027057
0 0.45431730521964153 0.8726645535384181 0.10098179201145392 0.0919525468904336