0 0.4394723127750316 0.32005238692798715 0.05334517589344294 0.04645227611928178
0 0.48202722729976805 0.3121480336940553 0.046904174904859805 0.04143722749876275
0 0.5252997248283101 0.3027221240376884 0.04846667490485963 0.041519114653892505
0 0.5700710553606577 0.2918156015364512 0.051719008897248564 0.04480788896415202
0 0.4534366536875026 0.3566449841690251 0.046904174904859805 0.04143722749876275
0 0.4928984017103362 0.3493581066248338 0.045214340912470875 0.03823034034363308
0 0.5377652327369755 0.34079533412359664 0.04377917490485981 0.04127345318850324
0 0.5794115632693232 0.3297250373120999 0.04703150889724857 0.04456222749876275
0 0.46343107760377916 0.3914703635222388 0.043651840912470874 0.03814845318850324
0 0.4726124180219585 0.42547354929788755 0.043651840912470874 0.03814845318850324
0 0.48413750844013803 0.4595995658062309 0.04215300790866543 0.03962906603337366
0 0.5036740756266129 0.38422442955561237 0.04371550790866543 0.03971095318850324
0 0.546978406653252 0.37557976989924535 0.045214340912470875 0.038230340343633
0 0.591000320683697 0.3654135538204433 0.043651840912470874 0.03814845318850333
0 0.5151991660447923 0.41835044606395577 0.04208934091247105 0.03806656603337366
0 0.5554421640676259 0.41110451209732923 0.04684050790866543 0.03987472749876275
0 0.5995277450942652 0.40250079601852723 0.04527800790866543 0.03979284034363299
0 0.5236310899610689 0.4530939382620396 0.043651840912471054 0.03814845318850324
0 0.5661541709877081 0.4444083350281078 0.04527800790866543 0.03979284034363299
0 0.609554002508639 0.4381074253717408 0.04527800790866543 0.03979284034363317
0 0.6853949664253531 0.2713536945936177 0.05184634288963732 0.04793288896415202
0 0.7360488824329643 0.2708900271353346 0.05666117688202625 0.05130355042954129
0 0.7882016314443812 0.2689457468321813 0.054971342889637495 0.04809666327441153
0 0.8411992974519924 0.2686049101065929 0.05822367688202625 0.05138543758467105
0 0.6838934748283101 0.31103367028335815 0.053217841901054184 0.04332727611928178
0 0.7330485578321158 0.31205061566994535 0.0534088428896375 0.048014776119281774
0 0.7837024738397269 0.31158694821166233 0.053281508897248565 0.04488977611928178
0 0.836700139847338 0.31124611148607384 0.0596588428896375 0.0483423247398008
0 0.6800482332312671 0.35059081524040403 0.051782675893442945 0.04637038896415202
0 0.7276089827369755 0.3507446234718615 0.05009284190105419 0.043163501809022266
0 0.7783265657407811 0.3518434560135784 0.05484400889724857 0.04497166327441153
0 0.8313242317483922 0.35150261928799 0.0580963428896375 0.048260437584671044
0 0.6776699911399324 0.3878860973525797 0.051719008897248564 0.04480788896415211
0 0.7252944076418353 0.38960240558403714 0.053281508897248565 0.04488977611928178
0 0.7768250741437381 0.3915234317033189 0.053281508897248385 0.04488977611928178
0 0.8290414901513493 0.39114165140016566 0.058032675893442943 0.04669793758467104
0 0.6753554160447923 0.42674387946475534 0.05165534190105418 0.0432453889641522
0 0.721385499048598 0.427597050541083 0.05009284190105419 0.043163501809022266
0 0.7713854990485979 0.43021743950523506 0.05165534190105418 0.0432453889641522
0 0.8221030820524036 0.431316272046952 0.053281508897248385 0.04488977611928178
0 0.6124680968811511 0.4904921189493058 0.051782675893442945 0.0463703889641522
0 0.653729766843095 0.5082461849826793 0.04853034190105419 0.04308161465389269
0 0.6925840198088445 0.5243149202833581 0.050220175893442943 0.04628850180902226
0 0.7354400232688857 0.5429321234718614 0.053281508897248565 0.04488977611928178
0 0.7789817762346352 0.5592465202379296 0.05809634288963732 0.048260437584671224
0 0.5927113538012334 0.522199142355054 0.054971342889637495 0.04809666327441153
0 0.63394119026508 0.5391719583884276 0.051719008897248564 0.04480788896415202
0 0.6735766932308296 0.5552816372666713 0.051719008897248564 0.0448078889641522
0 0.7140571131927735 0.57299475972248 0.053217841901054184 0.04332727611928178
0 0.7568494496566202 0.5900494629109834 0.0581600098858317 0.049822937584671045
0 0.5743579432308296 0.5500818029159322 0.051782675893442945 0.04637038896415202
0 0.6133076966908707 0.5684942882166111 0.046967841901054186 0.042999727498762755
0 0.6521937831547173 0.58534427351729 0.051719008897248564 0.0448078889641522
0 0.6934554531166613 0.6030983395506635 0.046967841901054186 0.042999727498762755
0 0.7354983730786052 0.620893349161602 0.05640650889724856 0.04505355042954129
0 0.5522256166528147 0.580884745588986 0.054971342889637495 0.04809666327441171
0 0.5950179531166613 0.5979394487774892 0.05334517589344294 0.04645227611928178
0 0.632341539580508 0.6147075469230383 0.05184634288963732 0.04793288896415202
0 0.6744162930405492 0.6332838065339768 0.05165534190105418 0.0432453889641522
0 0.7156461295043959 0.6502566225673503 0.05647017589344294 0.04661605042954129