0 0.12296929378732657 0.20866126978770372 0.0715853656913195 0.05837242198083885
0 0.19235507342260433 0.19876729138442978 0.062246733282500036 0.05944359905006032
0 0.2632488016711113 0.18644767582602606 0.06551720364722229 0.06585737336031983
0 0.3404107137152085 0.17458176164710335 0.07169446846486113 0.06305992198083885
0 0.12373366641250023 0.2751084633652686 0.06693423328250003 0.05968926051544958
0 0.19862456363895858 0.2664903799190405 0.06373649810013893 0.05640048620519007
0 0.26801034327423634 0.25659640151576657 0.07016833605604171 0.0645405348257091
0 0.3444273729095141 0.24633393091440872 0.07169446846486113 0.06305992198083885
0 0.13071167144649337 0.3396656083223145 0.06057513050895835 0.05467421189493056
0 0.19858950246854196 0.3321972670741703 0.059194468464861136 0.0624048247398008
0 0.2664491496950003 0.32394767582602607 0.07481946846486114 0.06322369629109836
0 0.34134004692145864 0.31532959237979796 0.07165810087368066 0.06149742198083885
0 0.13220274268489618 0.4037281083223145 0.06537173328250004 0.05960737336031983
0 0.1977913750937156 0.3987263478068649 0.06686149810013893 0.056564260515449584
0 0.27041125750253503 0.3933560950933314 0.06537173328249998 0.05960737336031983
0 0.34848170611576423 0.38691798733684385 0.07638196846486114 0.06330558344622803
0 0.131350063923299 0.46791343905500915 0.060720600873680565 0.06092421189493056
0 0.20249836531006987 0.4665313234966054 0.07027743882958344 0.06922803482570909
0 0.2719568801277087 0.4597623450933314 0.0700592332825 0.0598530348257091
0 0.348537563923299 0.45653112449197353 0.07016833605604171 0.06454053482570891
0 0.5571618026210418 0.14444944708406782 0.09218880642076392 0.07193695499752559
0 0.6535464933504862 0.1519133870435881 0.09542290919430556 0.0767882293077851
0 0.7552726475107988 0.15362197196015423 0.09556837955902786 0.08303822930778511
0 0.8680817720358334 0.16100734679081208 0.1065058795590275 0.08361143939369335
0 0.5339801821800696 0.22388464156614388 0.09702177678548622 0.07843261646291486
0 0.6272398729095141 0.23151235583592364 0.09062630642076393 0.07185506784239584
0 0.725150696047778 0.23733190864031414 0.09872974715020835 0.08476450361804462
0 0.8356888057551739 0.24796511420366665 0.10032861474138884 0.08640889077317437
0 0.5092360617390975 0.3034017232033497 0.08444904160312508 0.0746525192218769
0 0.6009514362641323 0.31189257462825914 0.08444904160312508 0.07465251922187681
0 0.6966639797671184 0.32408495816534433 0.09247974715020853 0.0844369549975256
0 0.8040770894745142 0.33488193803895633 0.10189111474138883 0.08649077792830404
0 0.4866902209334031 0.37654597410786084 0.08117857123840296 0.06823874491161738
0 0.5737908306407989 0.3884074869981596 0.08608427678548622 0.07785940637700657
0 0.668776675530556 0.40298456411280964 0.09858427678548623 0.07851450361804453
0 0.7716113880114934 0.4187147054518109 0.09876611474138901 0.08632700361804453
0 0.4610193801277087 0.4498539993226315 0.08288654160312507 0.07457063206674715
0 0.5474478426086462 0.466443955790495 0.0845945119678472 0.0809025192218769
0 0.6432876726807644 0.4841050893275803 0.0972399823325695 0.08780761646291495
0 0.7492837527528824 0.501233956356322 0.11133884992375016 0.09010710085908258
0 0.32510202355444495 0.5586635125516145 0.07968880642076392 0.07128185775648763
0 0.38951066888104224 0.6037845827688596 0.08125130642076392 0.07136374491161739
0 0.45159374800322977 0.6498097337187992 0.08288654160312507 0.07457063206674697
0 0.5222887609210076 0.6961657553155252 0.08771951196784719 0.08106629353213642
0 0.5915303766123271 0.747291164067381 0.0970945119678472 0.08155761646291496
0 0.28327885267663244 0.6101341593176827 0.08132404160312508 0.07448874491161739
0 0.3398568142076394 0.6548834153105765 0.07354790919430557 0.0756418091359686
0 0.4049921581474659 0.6976197919502567 0.09069904160312507 0.07498006784239593
0 0.4663849062476048 0.7475921364777612 0.08295927678548623 0.07769563206674715
0 0.545764588143334 0.7974040287212736 0.10792290919430556 0.07744332654882306
0 0.23516931420763948 0.6603698547042699 0.07656380642076392 0.07111808344622812
0 0.2948904595342367 0.7057365863869041 0.08266833605604171 0.06519563206674697
0 0.3522496710652437 0.7504448988022331 0.07812630642076393 0.07119997060135788
0 0.41751230157420205 0.7986500254419132 0.08132404160312508 0.07448874491161739
0 0.4820118658787507 0.8476773456591584 0.09069904160312507 0.07498006784239593
0 0.19240123916951452 0.7048501950479029 0.07343880642076392 0.07095430913596842
0 0.2498331858828826 0.7526835074632319 0.07024107123840277 0.0676655348257091
0 0.30644751500507017 0.7989952634561256 0.07492857123840277 0.06791119629109836
0 0.3630982117184382 0.8468695194490194 0.07194904160312507 0.07399742198083885
0 0.4307045922273966 0.894951815356005 0.09066267401194442 0.07341756784239592