0 0.1644192357965405 0.16151201866768639 0.07603639448011293 0.06068412986961631
0 0.23386866517968946 0.1674131911509765 0.06668866801906326 0.062082988635914306
0 0.30570275487126397 0.17101152394269215 0.06995003571381497 0.06995003571381497
0 0.3829646842544129 0.17704906412073398 0.0761454886359143 0.0669341298696163
0 0.15233624716062621 0.226946103895034 0.0698409415580136 0.06370003571381497
0 0.22644590300482484 0.23449159699517513 0.06663412094116258 0.0589579886359143
0 0.2958816956184987 0.24117401947846523 0.07461026217486459 0.06846935633066593
0 0.37312998823217247 0.2479928096565071 0.0761454886359143 0.0669341298696163
0 0.1465168952941871 0.291708033278183 0.06504434740221221 0.05736821509696401
0 0.21359530113838576 0.2991307954530476 0.06361821509696393 0.06515344155801354
0 0.2814549569825844 0.3065671943973874 0.07927048863591431 0.06698867694751698
0 0.35631858928783267 0.3156888242670037 0.07611821509696401 0.06537162986961631
0 0.13525606696669834 0.3548120052750058 0.06825116801906325 0.062110262174864594
0 0.19994981250247146 0.3645376071414449 0.06978639448011296 0.06057503571381497
0 0.27166117126876943 0.37516718993316056 0.06827844155801355 0.06367276217486459
0 0.34882764326559224 0.38667348011120234 0.0808329886359143 0.06701595048646736
0 0.12166512540868475 0.4170938169634031 0.06515344155801359 0.06361821509696383
0 0.19096455032760684 0.4315887394466932 0.0762273092527653 0.0716216298696164
0 0.26035943263285516 0.4406149119299833 0.07293866801906326 0.06219208279171564
0 0.3351276075517773 0.4552052917995996 0.07461026217486459 0.06846935633066593
0 0.6006606988649095 0.1964787228043064 0.0966216298696164 0.07666368587597075
0 0.6931521619332786 0.22544524837185165 0.09982845048646727 0.08140573295387146
0 0.7919754456184986 0.24983336809519824 0.09993754464226878 0.08765573295387145
0 0.9000373616089672 0.2821976290522469 0.11087504464226897 0.08784664772652384
0 0.5618924793037188 0.2684804078694982 0.10141822402541756 0.08299550649282175
0 0.6512589423720877 0.2973923863591428 0.09503185633066594 0.0750739123370204
0 0.7461214289794071 0.3248373222351135 0.10465231818121908 0.08930005357072242
0 0.8517850478919747 0.36028567288373664 0.10624209172016919 0.09088982710967279
0 0.5223293729730527 0.34124970616521494 0.09042617694751698 0.07967959172016936
0 0.6101333360414218 0.37013441111590917 0.09042617694751698 0.07967959172016936
0 0.7009804784929399 0.40376116314450405 0.09840231818121907 0.08919095941492117
0 0.8035327341749827 0.43837371671522646 0.10780459172016918 0.09091710064862309
0 0.4860003607981881 0.40782355153883226 0.08560230925276535 0.07178527110331831
0 0.5690759135581317 0.43897018587267544 0.09045345048646727 0.08124209172016936
0 0.6583196457012243 0.47491341436232004 0.10454322402541756 0.08305005357072233
0 0.7553349675358911 0.5133367605467163 0.10467959172016936 0.09086255357072251
0 0.4465463486233235 0.4743428498345489 0.08883640340856651 0.07808981818121907
0 0.527196330766416 0.5101360738599666 0.08894549756436802 0.08433981818121908
0 0.6171804026010831 0.5484366891190863 0.10314436525911966 0.09239778003177221
0 0.7172798141273246 0.5892583323813833 0.11723413879807013 0.09420574188232518
0 0.29282528490633136 0.5505899297868908 0.08409435633066593 0.07488299756436803
0 0.3472985507346439 0.6085893904196279 0.08721935633066594 0.07493754464226861
0 0.39785192979348133 0.6673019172049891 0.08883640340856669 0.07808981818121907
0 0.45772576177441804 0.7293030852240523 0.09207049756436803 0.08439436525911966
0 0.5159825466774542 0.7944019797041653 0.1014727711033185 0.08612050649282174
0 0.24210253612414734 0.5911234265404799 0.0872739034085667 0.07806254464226861
0 0.2880093254914103 0.6474103827089901 0.07792617694751698 0.0794614034085667
0 0.3432911148586732 0.7038609801112024 0.09511367694751698 0.07976141233702042
0 0.39377631007013475 0.7664797568965636 0.08732845048646735 0.0811875446422686
0 0.4605995714342205 0.8332911558409034 0.11389095048646727 0.08165119480442443
0 0.18595194765038883 0.6292177159077428 0.08253185633066598 0.07485572402541774
0 0.23417521347870146 0.6871080823846786 0.08711026217486459 0.0686875446422686
0 0.2816445028459643 0.7434223120921392 0.08253185633066593 0.07485572402541756
0 0.33604958482690106 0.8053280227248761 0.08571140340856669 0.0780352711033185
0 0.3888785300383627 0.867987709818663 0.0950864034085667 0.07819891233702023
0 0.13535192979348137 0.6627199626613319 0.07940685633066598 0.07480117694751698
0 0.18119053531336843 0.7229131688298421 0.07463753571381497 0.07003185633066593
0 0.22707005114168105 0.7807626249983525 0.07932503571381497 0.07011367694751698
0 0.2736899066615681 0.8409694679363376 0.07789890340856669 0.07789890340856687
0 0.3296438518730297 0.9036837021080253 0.09505912986961632 0.07663641233702023