0 0.32947248130179985 0.30778368102595033 0.05732665258848364 0.04817855042954129
0 0.3826429839326358 0.31134909430036195 0.04896812101845249 0.03839411465389251
0 0.4390749944559794 0.31742203188503304 0.05420165258848364 0.048014776119281774
0 0.494035510240995 0.3249755823145743 0.057144642065139986 0.04505355042954129
0 0.33202062862861165 0.35153368102595034 0.05383763154179624 0.041764776119281775
0 0.3837651391519553 0.3573609571452322 0.05089464206513998 0.04472600180902227
0 0.43780789704446316 0.3625298139972086 0.0540196420651398 0.04488977611928178
0 0.4926774075678068 0.3685208644267499 0.05383763154179633 0.041764776119281775
0 0.3321795233245875 0.39437960029325575 0.05071263154179624 0.041601001809022355
0 0.3831882864787671 0.4009471828349727 0.053928636803468065 0.04332727611928178
0 0.43732204963294674 0.4076785396869491 0.05071263154179615 0.041601001809022264
0 0.4891120627871263 0.41428706580623087 0.05411064732681172 0.04645227611928178
0 0.3323839206513992 0.43800676956056106 0.05245714206513998 0.0448078889641522
0 0.3826114338055789 0.4445334085247132 0.052275131541796235 0.04168288896415202
0 0.4344924522214303 0.45270443464399496 0.0540196420651398 0.04488977611928178
0 0.4900522074831022 0.4571739286511011 0.05245714206513998 0.0448078889641522
0 0.33245181008570324 0.47929018882786656 0.05245714206513998 0.0448078889641522
0 0.3827248258707188 0.4865980777920186 0.04924113680346807 0.04308161465389251
0 0.4320345811323906 0.49074002317860577 0.05420165258848364 0.048014776119281774
0 0.488648602179078 0.49993796076327685 0.055582142065139985 0.04497166327441171
0 0.6327262839185183 0.33925384554355736 0.06394067363517095 0.05475609905006031
0 0.6930568391660727 0.3587718074384879 0.06688366311182747 0.05179487336031983
0 0.7526516470444631 0.3790300757558536 0.06661064732681173 0.047107373360319824
0 0.8197859391378379 0.39501027984886805 0.07157116311182747 0.0520405348257091
0 0.618132433876166 0.3828843368371301 0.06366765785015538 0.050068599050060315
0 0.6761647417545564 0.40306071799936605 0.06513915258848364 0.04858798620519007
0 0.7340605417404389 0.420893349161602 0.06201415258848364 0.048424211894930555
0 0.8021125917263217 0.43925824683218134 0.07653167889684269 0.056973696291098365
0 0.6021125917263215 0.4287766909755731 0.060633663111827295 0.0514673247398008
0 0.6570198996047119 0.4487892978275495 0.06210515785015538 0.049986711894930556
0 0.7156059443289225 0.46510037256735026 0.0668836631118273 0.05179487336031983
0 0.7774079943148051 0.4831377216174107 0.0684461631118273 0.05187676051544958
0 0.5858197337914615 0.4699815451140161 0.06045165258848364 0.0483423247398008
0 0.6407725443006876 0.4907754019659925 0.05888915258848364 0.048260437584671044
0 0.6970148390248985 0.5069636459730986 0.05907116311182729 0.05138543758467105
0 0.7606524047957965 0.5297703821782888 0.06862817363517096 0.05500176051544958
0 0.5687456258566014 0.5111454556748941 0.05594616311182747 0.051221663274411536
0 0.623516425842484 0.5288143125268705 0.05585515785015538 0.04965916327441171
0 0.682511994244218 0.5521566372666714 0.06541216837349921 0.05327548620519007
0 0.7459220468609364 0.5710571234718615 0.07478716837349922 0.05376680913596861
0 0.47523782053845975 0.5638809520568495 0.06201415258848364 0.048424211894930555
0 0.5160749231410608 0.5963968809350934 0.056037168373499216 0.05278416327441153
0 0.5554405310053337 0.6303934226582074 0.060633663111827295 0.0514673247398008
0 0.6003203915004425 0.6654578194242756 0.060542657850155376 0.049904824739800804
0 0.6461180098880591 0.7029069097679086 0.060542657850155376 0.049904824739800804
0 0.44011166261771717 0.5893003539113003 0.0575086631118273 0.05130355042954129
0 0.48416477048199 0.6235425570998037 0.060633663111827295 0.0514673247398008
0 0.5227946309770989 0.6582794052453529 0.06081567363517095 0.0545923247398008
0 0.5646404967338795 0.6947425277011614 0.05732665258848364 0.04817855042954129
0 0.6088301124906602 0.7313284808896647 0.059071163111827474 0.05138543758467105
0 0.4034685073278104 0.6154191186106214 0.06045165258848364 0.0483423247398008
0 0.44687687308459106 0.6519641282215598 0.05576415258848364 0.04809666327441153
0 0.48697822831802806 0.6852203635222388 0.05732665258848364 0.04817855042954129
0 0.5319945967056448 0.722628510288307 0.06045165258848364 0.0483423247398008
0 0.5705334519390817 0.7558028584338562 0.05732665258848364 0.04817855042954129
0 0.37546460466873965 0.6427695126631562 0.052821163111827295 0.0510578889641522
0 0.4157479704255203 0.679150747963835 0.058980157850155555 0.049822937584671045
0 0.4543778309206291 0.7138875961093842 0.05420165258848364 0.048014776119281774
0 0.4936069308923942 0.7455403878324983 0.06357665258848363 0.048506099050060314
0 0.5394500519108468 0.7837707281761314 0.0653211631118273 0.05171298620519007