0 0.5302015985547519 0.3088443846129566 0.05307837842423861 0.042953787427387445
0 0.5744251952354039 0.31713207361192064 0.04647318091374952 0.037975188998963995
0 0.6193708423309745 0.32467489991443754 0.04815408008391255 0.03961046360606986
0 0.6666602394265452 0.33232688812761324 0.05151587842423862 0.04288101282028158
0 0.5315398782237459 0.3470528600058507 0.04647318091374952 0.037975188998963995
0 0.571857224904398 0.3551586124870501 0.04635478174358667 0.036412688998963993
0 0.6184245715850502 0.3635554633966729 0.043466580083912555 0.03939213978475227
0 0.6624705695104577 0.3694994023956369 0.04682837842423861 0.04266268899896399
0 0.528735109552414 0.38195439888098026 0.04322978174358649 0.03626713978475227
0 0.5258711412960005 0.41607468775610973 0.04322978174358667 0.03626713978475227
0 0.526132173039587 0.4503405258454509 0.041785680913749526 0.037756865177646405
0 0.5705557566479846 0.38935167596928544 0.04322978174358649 0.03626713978475227
0 0.6156198029137181 0.39845700227180236 0.04635478174358667 0.036412688998963993
0 0.6621279500092887 0.40607260318142513 0.04322978174358667 0.03626713978475227
0 0.5700947379766527 0.4243623767550737 0.04311138257342364 0.034704639784752266
0 0.6120337842423862 0.433322153843379 0.04647318091374952 0.03797518899896417
0 0.6578198809230382 0.44168261744944887 0.04479228174358667 0.03633991439185813
0 0.5665087193053207 0.45922752832665026 0.04322978174358667 0.03626713978475245
0 0.6107323159859728 0.46751521732561435 0.0449106809137497 0.03790241439185813
0 0.6550743118367879 0.47736540632457836 0.044792281743586494 0.03633991439185813
0 0.7860497794685014 0.3565713709641055 0.051634277594401645 0.04444351282028158
0 0.8357304707552131 0.37523363378438707 0.054996075934727884 0.04771406203449331
0 0.886855262871762 0.3924061712117745 0.05475927759440182 0.04458906203449331
0 0.9389389037435553 0.4119588459427149 0.058239475104890914 0.049422111248705033
0 0.771585460382251 0.3917083502859411 0.052959979254075584 0.041391287427387444
0 0.8189224016689627 0.4102614511955639 0.05319677759440182 0.044516287427387446
0 0.8678218429556743 0.4288873267122925 0.05307837842423879 0.042953787427387445
0 0.9198462842423861 0.4476587514432328 0.059446777594401826 0.04480738585581072
0 0.7538777421258376 0.42513728039356485 0.05151587842423862 0.04288101282028158
0 0.8003742338274676 0.44287274399963483 0.049716580083912734 0.03968323821317572
0 0.8486108242843425 0.46302473221281043 0.05452247925407576 0.04146406203449331
0 0.9006944651561358 0.4825774069437509 0.057884277594401824 0.044734611248705036
0 0.7384545742843425 0.4578941224118475 0.04983497925407558 0.04124573821317572
0 0.7842882151561358 0.4771556987143645 0.052959979254075584 0.041391287427387444
0 0.8340873056130107 0.49738046153464605 0.052959979254075765 0.041391287427387444
0 0.8846084464848036 0.5168603616584806 0.05776587842423879 0.043172111248705035
0 0.723090606027929 0.4914322144301302 0.05127908008391273 0.039756012820281586
0 0.7673025473146409 0.5098397661255413 0.04983497925407558 0.04124573821317572
0 0.815598337356597 0.530773004338717 0.05139747925407576 0.04131851282028158
0 0.8645569782283904 0.5501801298554456 0.052959979254075765 0.041391287427387444
0 0.6399946861118416 0.524929611039308 0.051634277594401645 0.04444351282028158
0 0.6743347199300206 0.556890240484978 0.046709979254075586 0.04110018899896399
0 0.7068754554078736 0.5856530953235424 0.049953378424238616 0.04280823821317572
0 0.7412746888111339 0.6183949747692125 0.05307837842423879 0.042953787427387445
0 0.7786213234591499 0.6489386534290942 0.05800267676456468 0.04629711124870504
0 0.6096802240792055 0.546093981593638 0.053315176764564674 0.04607878742738745
0 0.6439018587272214 0.5764921110393081 0.05151587842423862 0.04288101282028158
0 0.6772830437901558 0.6060726031814252 0.04983497925407558 0.04124573821317572
0 0.7100013780232534 0.6371792080199894 0.05284158008391273 0.03982878742738745
0 0.7458447122563507 0.6684313620727653 0.056558575934727705 0.047786836641598995
0 0.5823131632913248 0.5650601513621796 0.051634277594401645 0.04444351282028158
0 0.6134097979393407 0.595312731593638 0.04659158008391255 0.039537688998963996
0 0.6460689325873566 0.6256380864322022 0.05151587842423862 0.04288101282028158
0 0.6803497668204541 0.6568174658778723 0.04659158008391273 0.039537688998963996
0 0.7146306010535516 0.6879968453235423 0.05608497925407559 0.04153683664159917
0 0.5503178020885257 0.5845892473094036 0.053315176764564674 0.04607878742738745
0 0.5861019367365415 0.6150601513621796 0.05307837842423861 0.042953787427387445
0 0.617139371799476 0.6445314815936379 0.051634277594401645 0.04444351282028158
0 0.650698155617655 0.6764557237357551 0.05139747925407558 0.04131851282028158
0 0.6857010402656709 0.7068902404849781 0.056203378424238615 0.04309933664159917