0 0.15949755538872873 0.13203125 0.10978379465362353 0.0875
0 0.255052979094487 0.1546875 0.10013577886860806 0.0828125
0 0.34674765543108105 0.1765625 0.10822129465362354 0.0875
0 0.44469233176767525 0.1984375 0.09866428413027997 0.084375
0 0.15035079756680814 0.20859375 0.09848227360693614 0.08125
0 0.23349722653423818 0.2296875 0.1034427893919517 0.0859375
0 0.32827140023999635 0.25234375 0.0968287683452643 0.0796875
0 0.4231820818382623 0.27265625 0.09866428413027997 0.084375
0 0.13196554763739532 0.2828125 0.10151626834526431 0.0796875
0 0.2173647213431535 0.30546875 0.10151626834526431 0.0796875
0 0.31144865031058355 0.3265625 0.09691977360693613 0.08125
0 0.3994190871705213 0.3453125 0.11621580517696728 0.090625
0 0.12414607138550582 0.35 0.09030575256024873 0.075
0 0.2047212371987562 0.375 0.1030787683452643 0.0796875
0 0.29563466353535034 0.396875 0.0921412683452643 0.0796875
0 0.38797408197943667 0.42109375 0.09839126834526439 0.0796875
0 0.10920433987194444 0.41875 0.0933397472985769 0.0734375
0 0.19134200568519488 0.44375 0.09343075256024873 0.075
0 0.27665017412928117 0.46796875 0.09379477360693614 0.08125
0 0.36521985046587535 0.48984375 0.09195925782192056 0.0765625
0 0.6790603555157857 0.265625 0.11363683674699843 0.1
0 0.767872955558138 0.31015625 0.1100568104386392 0.0921875
0 0.8542963029696544 0.35546875 0.10849431043863902 0.0921875
0 0.9343331424886628 0.403125 0.08983531570031075 0.09375
0 0.6287803634788807 0.3375 0.11290879465362344 0.0875
0 0.713641210890397 0.3828125 0.11447129465362345 0.0875
0 0.8017635661944211 0.42578125 0.11299979991529555 0.0890625
0 0.8961814241292811 0.46796875 0.12568181043863902 0.0921875
0 0.5837339030120067 0.4 0.11116428413027979 0.084375
0 0.664688500423523 0.4453125 0.10473227360693613 0.08125
0 0.749776860989219 0.48671875 0.11419827886860787 0.0828125
0 0.837899216293243 0.5296875 0.11299979991529555 0.0890625
0 0.5355169399142967 0.46328125 0.10951077886860805 0.0828125
0 0.6174803004799927 0.5046875 0.10951077886860805 0.0828125
0 0.6970544084148529 0.546875 0.10629477360693614 0.08125
0 0.785176763718877 0.58984375 0.11116428413027997 0.084375
0 0.48908998997076647 0.52265625 0.10335178413027979 0.084375
0 0.5701810952747907 0.565625 0.10013577886860806 0.0828125
0 0.6514542111021585 0.60546875 0.1034427893919517 0.0859375
0 0.7388408190370186 0.64765625 0.11134629465362345 0.0875
0 0.31398430318141585 0.578125 0.10151626834526431 0.0796875
0 0.3692108584995574 0.6359375 0.0999537683452643 0.0796875
0 0.4245284190793709 0.6921875 0.10307876834526422 0.0796875
0 0.47823797702834836 0.74921875 0.09986276308359247 0.078125
0 0.5319475349773258 0.80625 0.09839126834526439 0.0796875
0 0.250354442686307 0.6109375 0.10169827886860805 0.0828125
0 0.3079247480044486 0.66875 0.10151626834526431 0.0796875
0 0.3602083138459339 0.7234375 0.09691977360693613 0.08125
0 0.41327312968741914 0.778125 0.09361276308359248 0.078125
0 0.4670736928980685 0.83359375 0.09820925782192055 0.0765625
0 0.18994058745287004 0.6421875 0.10160727360693614 0.08125
0 0.24204214277101163 0.7 0.09343075256024873 0.075
0 0.29676046387416877 0.753125 0.09352175782192056 0.0765625
0 0.3520780244539822 0.809375 0.0964647472985769 0.0734375
0 0.4036713455571393 0.8625 0.10418624203690499 0.071875
0 0.12952673221943306 0.6734375 0.0933397472985769 0.0734375
0 0.1825460454300824 0.72890625 0.09361276308359248 0.078125
0 0.23482961127156768 0.78359375 0.0933397472985769 0.0734375
0 0.28954793237472487 0.83671875 0.09481124203690498 0.071875
0 0.34265825084704604 0.890625 0.0964647472985769 0.0734375