0 0.3266278470099661 0.27919151451278823 0.06267927513842757 0.05363592068857255
0 0.37842088448689487 0.28961314854087195 0.054265997840531634 0.043988102176918266
0 0.43240747763934956 0.30246037812245186 0.05955427513842757 0.053526793283910835
0 0.485512691242155 0.31684282585286644 0.062479016039128865 0.05051092068857255
0 0.3176242843946097 0.3219420097034648 0.05915375693983034 0.04727679328391084
0 0.3669233775470645 0.33462554817805223 0.05612888648947969 0.048730165879249124
0 0.4193975354743439 0.3466369640573014 0.05935401603912904 0.05040179328391083
0 0.4726529434016234 0.35867566178771587 0.05759125693983016 0.047222229581579886
0 0.3063270365540781 0.36382940934064517 0.054466256939830336 0.04711310217691826
0 0.35557606493170824 0.37729419781523255 0.05769138648947969 0.04878472958157989
0 0.40721890808416294 0.39005958184331624 0.054466256939830336 0.04711310217691818
0 0.45729925123661774 0.402770402169069 0.05935401603912886 0.05040179328391083
0 0.2957609739387218 0.4065253408289909 0.05612888648947969 0.048730165879249124
0 0.34344750231635185 0.41993556560124745 0.05749112739018099 0.04565972958157989
0 0.3926965306939819 0.43340035407583477 0.05935401603912904 0.05040179328391083
0 0.4467832533960861 0.4446850836574148 0.05779151603912887 0.05034722958158007
0 0.28451379087301476 0.4476314904661711 0.05779151603912895 0.05034722958158007
0 0.33298156925064487 0.46106899708959315 0.05300388648947969 0.04862103847458741
0 0.3808683567275736 0.4713542218618496 0.05945414558877822 0.051964293283910834
0 0.4346546907807296 0.4873264514434297 0.060916516039128864 0.0504563569862416
0 0.6198481184477659 0.3465898679556509 0.06932979333702498 0.06010417549789597
0 0.6752772956533768 0.3735814430907271 0.07235466378737562 0.05865080290255768
0 0.7283126580841629 0.4012724226723071 0.07205427513842758 0.053963302902557686
0 0.7910234091638971 0.4246032844678721 0.07704216378737563 0.05881449400955034
0 0.5937071206072342 0.38795891242068803 0.06902940468807692 0.05541667549789597
0 0.6467424830380204 0.41564989200226804 0.07059190468807693 0.055471239200226743
0 0.6992469193429299 0.43940733973268253 0.06736677513842756 0.05379961179556503
0 0.7625386613233653 0.465890483379413 0.08203005243632351 0.06366568511654283
0 0.5659034932170532 0.4308358931833943 0.06756703423772628 0.05692461179556503
0 0.6151327351974887 0.4568279635091471 0.06756703423772628 0.05692461179556503
0 0.6691996715023982 0.4806399749418926 0.07235466378737562 0.05865080290255768
0 0.7262914782576584 0.5061236137792996 0.07391716378737563 0.058705366604888454
0 0.5391314397009955 0.46983390579726614 0.06590440468807693 0.05530754809323426
0 0.5883106169066064 0.4966072261230189 0.06434190468807692 0.055252984390903315
0 0.6400838679863405 0.5195561420022681 0.06600453423772627 0.05687004809323426
0 0.6969253508674773 0.5489460308396751 0.07567992288667433 0.0618849303072194
0 0.5108970157345871 0.5072148547088069 0.06287953423772627 0.05676092068857237
0 0.561788887264672 0.5316989887368907 0.06277940468807693 0.05519842068857237
0 0.6138928053709842 0.5617064364673052 0.07245479333702498 0.060213302902557685
0 0.6717157973514197 0.5879986071558777 0.08036742288667416 0.06204862141421188
0 0.4049183235695815 0.5481449003549705 0.06736677513842756 0.05379961179556503
0 0.43625915870247167 0.5844742699550839 0.06141716378737563 0.0582688569862416
0 0.4667186142857128 0.6223388577040319 0.06766716378737563 0.058487111795565025
0 0.5024966255444797 0.6627381684111379 0.06756703423772628 0.05692461179556503
0 0.5381745072535973 0.7046999791182438 0.06756703423772628 0.05692461179556503
0 0.3629415746493157 0.5678199940943682 0.06444203423772628 0.056815484390903316
0 0.3980384654577319 0.6066295229503088 0.06766716378737563 0.058487111795565025
0 0.4276165414913236 0.6460293288480913 0.06620479333702481 0.05999504809323426
0 0.45948830275009056 0.6862922302993701 0.06267927513842757 0.05363592068857255
0 0.4944349992340329 0.7274455091553107 0.06600453423772627 0.05687004809323426
0 0.32008344617940054 0.5890303059826005 0.06580427513842757 0.05374504809323426
0 0.35341757788851813 0.6309102711362102 0.06111677513842757 0.0535813569862416
0 0.38470834824658373 0.6680208907363236 0.06267927513842757 0.05363592068857255
0 0.4196049799557014 0.7099554195922642 0.06590440468807693 0.05530754809323426
0 0.4493332503137671 0.7470114754900468 0.06267927513842757 0.05363592068857255
0 0.2848876233850114 0.6128571863824872 0.05809190468807692 0.055034729581580066
0 0.31597813464377833 0.6530928059826006 0.06600453423772627 0.05687004809323426
0 0.34404377545219467 0.6916567981780523 0.05955427513842757 0.053526793283910835
0 0.37538461058508493 0.7279861677781657 0.06902940468807692 0.05541667549789579
0 0.4110124275193779 0.7707292284852716 0.07079216378737563 0.05859623920022692