0 0.09162250539858473 0.17220504149184881 0.10447585767831422 0.08714664772027052
0 0.18874595913285114 0.15777384335665978 0.09209425684847723 0.08776195435896632
0 0.28370326162236204 0.14586399397671532 0.08681476099766208 0.07959425684847724
0 0.37758331618646546 0.13010709418185237 0.08548905933798814 0.0826008576783142
0 0.10482216764100231 0.24270679564103367 0.08177206348717307 0.07455155933798814
0 0.1992350184708393 0.23398114584617075 0.08946616431701004 0.07358105518880328
0 0.29262982096035023 0.2221896956363893 0.09259116431701005 0.07381785352912935
0 0.38993087344986116 0.2101022475012003 0.09102866431700996 0.07369945435896633
0 0.11681452739390899 0.3180144489603816 0.08958456348717307 0.0751435551888033
0 0.2117126302983384 0.30532334958043716 0.08911096680652095 0.06889355518880329
0 0.3097357332027678 0.29239545186016663 0.09102866431700996 0.07369945435896633
0 0.4022900861071973 0.2798819512354667 0.08477866431700995 0.0732258576783142
0 0.1309138388064896 0.390019503524485 0.09403526514684701 0.07237375269929239
0 0.13762670270858116 0.4578698543543219 0.09091026514684701 0.07213695435896632
0 0.21866229254075598 0.37629870041027413 0.08790366431701005 0.07346265601864026
0 0.3179402421258375 0.36956160310492203 0.09727866431701004 0.07417305103961844
0 0.41182029668994086 0.35380470331005914 0.08946616431700996 0.07358105518880328
0 0.2272928539533366 0.44871815206994803 0.08825886182749905 0.07815015601864025
0 0.32471230561301057 0.4381932039347591 0.09091026514684701 0.07213695435896632
0 0.4195512089323585 0.42472085455481456 0.09259116431700995 0.07381785352912935
0 0.6156277678461394 0.10892622073199124 0.10471265601864026 0.09027164772027052
0 0.7106209591328512 0.11822852052220978 0.09439046265733601 0.07706125269929238
0 0.8054957512493999 0.12596832031242836 0.09955155933798814 0.08366645020978147
0 0.9063245454405411 0.12932827342199482 0.10712726099766243 0.08113344606059658
0 0.5993767284288831 0.18480255911427357 0.09450886182749904 0.07862375269929234
0 0.6928074197155947 0.19422325807465515 0.09751546265733602 0.07729805103961844
0 0.7890671130768989 0.19950090869471068 0.09306476099766207 0.08006785352912935
0 0.8871261047785293 0.2077851601446032 0.10471265601864026 0.09027164772027048
0 0.5784381890116267 0.261034095007045 0.09943316016782511 0.08210395020978148
0 0.6778820819580124 0.2668561972867745 0.0963081601678251 0.08186715186945541
0 0.774982224904398 0.2728558983217485 0.09138386182749905 0.07838695435896632
0 0.8737040674358653 0.2795184501865595 0.10591995850815117 0.08570254689043359
0 0.5635128512540442 0.33366703421916427 0.10232136182749904 0.07921574855010753
0 0.6613350446153484 0.3388262856690568 0.09907796265733601 0.07741645020978147
0 0.7546473367318972 0.3466844846294384 0.09474566016782511 0.08174875269929238
0 0.8551092780186089 0.35557238732408636 0.09403526514684693 0.07237375269929239
0 0.5472618118367879 0.40954337260144663 0.10520956348717299 0.0763275468904336
0 0.647309356027929 0.4129625252960946 0.09595296265733602 0.07717965186945541
0 0.7421249485593963 0.41992107508631316 0.09439046265733601 0.07706125269929238
0 0.8380177890162711 0.43072667529145026 0.09787066016782511 0.08198555103961844
0 0.406934654992955 0.5278225437669339 0.10471265601864026 0.09027164772027056
0 0.3550654242889869 0.5898974138928027 0.09810745850815117 0.08511055103961844
0 0.30932779441485575 0.6499361873380195 0.09990675684847723 0.08835395020978147
0 0.2557184649556431 0.7097857066340515 0.0997883576783142 0.08679145020978148
0 0.48464618051276426 0.5682923331841903 0.09450886182749904 0.07862375269929238
0 0.5640502605966768 0.599990773846202 0.09775226099766207 0.08042305103961844
0 0.6438687377761599 0.6371579645082139 0.09739706348717299 0.07573555103961845
0 0.7241724670302355 0.6703597055851442 0.09763386182749904 0.07886055103961845
0 0.4373460506386332 0.62844950579957 0.09595296265733602 0.07717965186945541
0 0.38613967076450195 0.6889026763403574 0.09415366431701004 0.07393625269929238
0 0.33571454089037084 0.7492966472960633 0.09294636182749905 0.07850535352912935
0 0.5145247798927087 0.6618880452168264 0.09895956348717298 0.07585395020978147
0 0.467283849603659 0.7228264678322062 0.09763386182749904 0.07886055103961845
0 0.41228961889969096 0.7851381362984011 0.09739706348717299 0.07573555103961845
0 0.489290749398522 0.8162329257156575 0.09943316016782511 0.08210395020978148
0 0.564847779067516 0.849008614303077 0.09654495850815117 0.08499215186945541
0 0.5437405284428161 0.7571054568345441 0.08982136182749904 0.0782685551888033
0 0.5910406583169474 0.6969482842191643 0.09907796265733601 0.07741645020978147
0 0.6728476879859414 0.7292503761259316 0.09450886182749904 0.07862375269929238
0 0.6210376568670548 0.7921064962518004 0.09607136182749905 0.0787421518694554