0 0.11552863152302772 0.21281251324684392 0.0979270590935541 0.07353175843752054
0 0.21487492728066226 0.21783980834485325 0.08985946757828503 0.07013393992586625
0 0.3104425187959313 0.22429319418703547 0.0979270590935541 0.07353175843752054
0 0.4120050187959313 0.2278398348385411 0.08686201333591956 0.07158731252120454
0 0.1326521007683027 0.2889757091631599 0.08816942182065049 0.06851687622353539
0 0.21962594228357174 0.29512899464252246 0.0916770590935541 0.07331350362819702
0 0.3182547609200236 0.3009102578893663 0.08647937606301595 0.06689981252120454
0 0.4166284880412062 0.3035665211362103 0.08698955909355419 0.07314981252120453
0 0.14040057001357767 0.3648115228654908 0.09116687606301595 0.0670635036281971
0 0.23056318440766402 0.371855185749515 0.09116687606301595 0.0670635036281971
0 0.3282832072864813 0.37604666714519347 0.08660692182065048 0.06846231252120445
0 0.41890820728648126 0.37921136188038307 0.1059946506088231 0.07692957694917482
0 0.1559775147130454 0.43157243693064135 0.07997428454774687 0.06355655771188111
0 0.24248897062240085 0.44160469055883844 0.09429187606301595 0.06717263103285873
0 0.3372115392588526 0.4472495445498552 0.08191942182065048 0.06829862141421188
0 0.4344054036529389 0.45453874409436823 0.08804187606301603 0.06695437622353531
0 0.16549577804896498 0.5004588461864685 0.08453423879011232 0.06215774881887377
0 0.25285225683713763 0.5112996316658309 0.08466178454774687 0.06372024881887377
0 0.3431424169888585 0.5199057945498552 0.08360946757828502 0.06991568511654264
0 0.4355212356253103 0.5254688029873756 0.0832268303053814 0.06522818511654283
0 0.6602192492510939 0.2528671498068163 0.1005099251546305 0.08608632213985139
0 0.7606974813732466 0.28130466305366025 0.09987219636645754 0.07827382213985139
0 0.859613213495399 0.30968761259817323 0.096874742124092 0.07972719473518967
0 0.9567039465959788 0.3399877262078369 0.0865921068080425 0.0786557680561673
0 0.6370365828904553 0.3315179394625301 0.10105205909355401 0.07364088584218216
0 0.733672337891425 0.3606002934535469 0.10261455909355419 0.0736954495445131
0 0.834023024255943 0.38747530670039076 0.10117960485118864 0.07520338584218215
0 0.9388698919840094 0.41217026105422727 0.11367960485118864 0.07563989546082901
0 0.6146511419840094 0.40084829282057466 0.10079696757828494 0.07051588584218216
0 0.7082256698637964 0.43060276940692976 0.09585437606301603 0.06722719473518968
0 0.80376131047068 0.455751591546781 0.10535692182065048 0.06911707694917482
0 0.903330746835198 0.48259932294245955 0.10117960485118864 0.07520338584218215
0 0.5899219510775635 0.47009680062512305 0.09910692182065048 0.06889882213985139
0 0.6831776145632642 0.4959450272114781 0.09910692182065048 0.06889882213985139
0 0.7742170738065994 0.5232739082443368 0.09741687606301586 0.06728175843752045
0 0.8738502830499348 0.5509028896400153 0.10079696757828494 0.07051588584218216
0 0.5657189186558484 0.5362475902808367 0.09154951333591957 0.0717510036281972
0 0.6583846507780009 0.5644122850160264 0.08985946757828493 0.07013393992586625
0 0.7507315185060672 0.588670729751216 0.0916770590935542 0.07331350362819719
0 0.8487384548705853 0.6154638974445635 0.09961710485118865 0.07514882213985138
0 0.4168027997198342 0.6206349700477511 0.09116687606301603 0.06706350362819702
0 0.48996910381241854 0.6675943048014743 0.08960437606301604 0.06700893992586607
0 0.5622266121473682 0.7129638577040318 0.09260183030538141 0.06555556733052796
0 0.6329853933611351 0.7590600969042587 0.08947683030538159 0.06544643992586625
0 0.7045891974537195 0.805964867955651 0.08804187606301603 0.06695437622353531
0 0.36659537669123576 0.6640650223173366 0.09142196757828511 0.07018850362819702
0 0.4420416579050027 0.7103249526245559 0.09116687606301603 0.0670635036281972
0 0.5111103933611352 0.7548041281224519 0.08673446757828493 0.07002481252120454
0 0.5808966059384504 0.7985293354715133 0.08491687606301604 0.06684524881887377
0 0.6523090913945828 0.8430903565229055 0.0879143303053814 0.0653918762235353
0 0.3193216350261855 0.7052604519915838 0.09272937606301594 0.06711806733052797
0 0.38942671199758705 0.7528919093406452 0.08466178454774678 0.06372024881887359
0 0.45986662881726764 0.7950818985408719 0.08478933030538141 0.0652827488188736
0 0.5336228642734001 0.8397247651457604 0.08753169303247788 0.060704376223535306
0 0.6010653268507153 0.8833681269413255 0.0966516015172088 0.057906758437520266
0 0.27198412048231796 0.7456746316658309 0.08453423879011232 0.06215774881887377
0 0.34189787881726763 0.7909623390148923 0.08335437606301595 0.06679068511654282
0 0.4109028413945829 0.8346602645127884 0.08453423879011232 0.06215774881887341
0 0.48212400821426354 0.8768775355641806 0.08596919303247788 0.060649812521204535
0 0.5519102207915787 0.920602742913242 0.08753169303247788 0.060704376223535306