0 0.28093906151081777 0.10040881746826665 0.10146068068726607 0.09427415990702759
0 0.3616224954774442 0.14682463158233858 0.10137879353213633 0.0927116599070276
0 0.44501817164215457 0.18637308666190316 0.10269563206674714 0.08813342055068932
0 0.5306757106517351 0.22764793270696032 0.1059025192218769 0.08991444183801275
0 0.24304291384023843 0.16519258330770847 0.09792624491161739 0.08624313861970409
0 0.32323170284981906 0.20608501709994959 0.09134869629109836 0.07955609604505716
0 0.40732674185939965 0.247250602501345 0.09603619629109836 0.07988387797604232
0 0.4922439744465451 0.28768956822457126 0.10105124491161739 0.08646165990702759
0 0.20382992763504837 0.22517958850348857 0.10409435775648763 0.08511768119435104
0 0.2871027730670641 0.2670717935830531 0.08822369629109836 0.07933757475773362
0 0.3697171992317744 0.3065656183407868 0.09957063206674706 0.08791489926336586
0 0.4559922139310955 0.3510200947076748 0.10253185775648763 0.08500842055068931
0 0.1677419414298583 0.28538511498659214 0.09323874491161739 0.08591535668871889
0 0.24953417401700378 0.3256055594224949 0.09619997060135788 0.08300887797604233
0 0.33128546302658435 0.3666072538583978 0.09307497060135787 0.08279035668871888
0 0.4138180020361649 0.40766357861613145 0.09776247060135787 0.08311813861970414
0 0.1309136488022331 0.34475476114786485 0.09776247060135783 0.08311813861970414
0 0.21196557496694343 0.38413932526193684 0.09291119629109837 0.07966535668871888
0 0.292935613976524 0.42508638937600873 0.08978619629109837 0.07944683540139544
0 0.37842937867584514 0.4694862354210659 0.08994997060135787 0.08257183540139543
0 0.7333702634561257 0.33983584831397107 0.10129690637700665 0.09114915990702759
0 0.804064543759279 0.39731484856607263 0.10269563206674696 0.08813342055068932
0 0.8764850983726917 0.4517781094618359 0.10302318068726599 0.09438342055068923
0 0.937886265830975 0.507039045851967 0.08279256784239593 0.09452553218308672
0 0.6744998744919736 0.38590246514214865 0.10754690637700648 0.09158620248167448
0 0.746715711217562 0.4442719760379119 0.10738313206674696 0.08846120248167448
0 0.81753282225341 0.49940722629001344 0.10113313206674697 0.08802415990702758
0 0.8929146025565633 0.5572140084731002 0.10919129353213641 0.0932579631253363
0 0.6123407112175621 0.4348755606830027 0.1043400192218769 0.08980518119435103
0 0.68628282225341 0.49022933222242776 0.10269563206674696 0.08813342055068922
0 0.757058989711693 0.5461458324745292 0.09948874491161738 0.08635239926336595
0 0.8308373264372815 0.6046246040139543 0.1027775192218769 0.08969592055068923
0 0.55581407225341 0.4811060684766728 0.1043400192218769 0.08980518119435103
0 0.6274533768668228 0.5355146990506052 0.10129690637700647 0.09114915990702759
0 0.6981476571699761 0.5929936993027068 0.1012150192218769 0.08958665990702741
0 0.7705272682058241 0.64823821019847 0.10598440637700665 0.09147694183801285
0 0.49550401402195254 0.5247196746611886 0.1027775192218769 0.08969592055068923
0 0.5660754635924112 0.5845424249132902 0.09488313206674714 0.08758711733238052
0 0.6376738246282592 0.6397323054872226 0.09940685775648746 0.08478989926336578
0 0.7107118549314124 0.6973751967048167 0.10606629353213641 0.09303944183801285
0 0.30073374660909796 0.5456009851689643 0.0980900192218769 0.08936813861970413
0 0.3378785425160835 0.6148480119041695 0.10113313206674715 0.08802415990702758
0 0.3782302255781988 0.682751059926698 0.10113313206674715 0.08802415990702758
0 0.4191993843300546 0.7538337382710575 0.10442190637700648 0.09136768119435104
0 0.4617310430819105 0.8250256772590786 0.1043400192218769 0.08980518119435103
0 0.2183373264372815 0.5617944316985541 0.10458568068726608 0.09449268119435103
0 0.25836146087887774 0.6359474797210828 0.1027775192218769 0.08969592055068923
0 0.3011387810961228 0.702451918709104 0.1012150192218769 0.08958665990702759
0 0.3405863834255435 0.7726440864098016 0.10450379353213642 0.09293018119435104
0 0.38381740502226946 0.8454531557196537 0.10598440637700665 0.09147694183801285
0 0.1372577448000757 0.5827846388718056 0.10614818068726613 0.09460194183801285
0 0.1797894035519315 0.6539765778598269 0.10121501922187681 0.08958665990702759
0 0.2177973366140468 0.7217157349168628 0.10113313206674705 0.08802415990702742
0 0.25802618894346746 0.7919625329393915 0.10269563206674714 0.08813342055068922
0 0.30059879127288813 0.8623732219274125 0.1059025192218769 0.08991444183801249
0 0.05930316316286991 0.6039933673323807 0.10590251922187684 0.08991444183801285
0 0.09883265264742033 0.6726230350330784 0.1030231806872661 0.09438342055068923
0 0.13753994855440588 0.7419793224119452 0.10434001922187686 0.08980518119435103
0 0.18007160730626168 0.8131712613999664 0.10434001922187681 0.08980518119435103
0 0.22108170963568236 0.8834726897443257 0.10294129353213632 0.09282092055068958