0 0.1571890591703934 0.20392170970237725 0.09786905347041026 0.08877519970043757
0 0.2497589714232095 0.21691565940281485 0.09765053218308672 0.08565019970043757
0 0.3411652214232095 0.22437708622443514 0.09888525025210156 0.08109024545807211
0 0.43486059110137865 0.23124858168250725 0.10211951089576328 0.08290783697334118
0 0.15540232006615667 0.2783477537930218 0.09408848960843982 0.07914510818516848
0 0.24457408070981845 0.2871803619781904 0.08751070767745457 0.07394742515463033
0 0.33832408070981845 0.2948331074362625 0.09208894703379293 0.07276756242753404
0 0.43129283070981844 0.30242208001551735 0.09721348960843983 0.07940019970043757
0 0.15016279903093477 0.34783120636839737 0.10022922896477807 0.07809279121570664
0 0.2432954399964274 0.35776392894765224 0.08438570767745457 0.07369233363936126
0 0.3338658096745965 0.36438033289045524 0.09576025025210155 0.08083515394280312
0 0.4309047006400891 0.37463191986379646 0.09866672896477802 0.0779652454580722
0 0.1488841583175437 0.4184147733378592 0.08951025025210155 0.08032497091226495
0 0.2387279083175437 0.425748654401845 0.09241672896477811 0.07745506242753404
0 0.33024341896120546 0.43477258122346535 0.0892917289647781 0.07719997091226496
0 0.4217042992830363 0.4430152580450857 0.09554172896477801 0.07771015394280312
0 0.14515250696049092 0.4872445216708693 0.09543246832111633 0.07614765394280312
0 0.2342150069604909 0.4945146298560378 0.08896394703379285 0.07251247091226495
0 0.32494926760415266 0.5034747837988409 0.08594820767745456 0.0738198793969957
0 0.4212615388914761 0.5144438478933647 0.08616672896477802 0.07694487939699587
0 0.6654221762506725 0.26249780805478395 0.09597877153942491 0.08396015394280303
0 0.7543971949401059 0.29073412048231795 0.09888525025210146 0.08109024545807211
0 0.8431536923422158 0.31584543290985195 0.09943155347041 0.08890274545807211
0 0.9350898200661568 0.34199308685265495 0.10099405347040999 0.08903029121570664
0 0.6365812642499579 0.32772432426564146 0.10379127153942491 0.08459788273097572
0 0.7279000329393914 0.35615195532962723 0.10357275025210164 0.08147288273097572
0 0.8159299106633323 0.381980744878344 0.09743201089576345 0.08252519970043756
0 0.909483168709104 0.4090371945787815 0.10546303218308672 0.08628792848861018
0 0.606396373536567 0.39594829471886445 0.10055701089576327 0.08278029121570665
0 0.6974966209386768 0.4212509257828502 0.09899451089576328 0.08265274545807202
0 0.7863623789844485 0.4479247382103841 0.09565098960843983 0.07927265394280311
0 0.8784623976738821 0.4764161421531872 0.09899451089576346 0.08265274545807202
0 0.5806258312140216 0.460648652444991 0.10055701089576345 0.08278029121570665
0 0.6686010786161315 0.48569619199370767 0.09597877153942491 0.08396015394280312
0 0.757521466983734 0.5131512544212417 0.0975412715394249 0.08408769970043757
0 0.8471138447076749 0.5391075897275929 0.10222877153942492 0.08447033697334128
0 0.5492772782478144 0.5233401000193967 0.09910377153942491 0.08421524545807202
0 0.6391974379027404 0.5539839353257479 0.09118201089576328 0.08201501666989941
0 0.7271726853048504 0.5790314748744646 0.09554172896477801 0.07771015394280312
0 0.8192180736724529 0.6067416288172677 0.10233803218308672 0.08603283697334127
0 0.38935561105131977 0.6135989539525013 0.09430701089576328 0.08227010818516867
0 0.45586005003934094 0.6648583071367 0.09743201089576328 0.08252519970043756
0 0.5237630980618695 0.7139014560785333 0.09743201089576328 0.08252519970043756
0 0.5934471673717215 0.766197150778001 0.10066627153942491 0.08434279121570665
0 0.6653657260379119 0.8171216641139207 0.10055701089576327 0.08278029121570682
0 0.326554962292157 0.6597407592530337 0.10088479282674853 0.08746779121570665
0 0.3971295422456708 0.7136627268313186 0.09899451089576328 0.08265274545807202
0 0.4664858296245377 0.7612709215307865 0.0975412715394249 0.08408769970043757
0 0.5345527686125588 0.8126578204726197 0.10077553218308673 0.08590529121570682
0 0.608143087922411 0.8652723795661738 0.10222877153942492 0.08447033697334128
0 0.2662619544984869 0.7084176331900176 0.10244729282674854 0.08759533697334128
0 0.33823514348650807 0.7601233965259372 0.09743201089576328 0.08252519970043756
0 0.4030131915090367 0.8089114539525013 0.09732275025210164 0.08096269970043757
0 0.47264263049705785 0.8604258986519693 0.09899451089576328 0.08265274545807202
0 0.5437799391632481 0.9112866391090714 0.10211951089576328 0.08290783697334128
0 0.20903931638298587 0.7565683486422708 0.10211951089576328 0.08290783697334128
0 0.27621574472734534 0.8063289747052866 0.09943155347041017 0.08890274545807202
0 0.34428268371536647 0.8577158736471201 0.10055701089576327 0.08278029121570682
0 0.41547462270338775 0.9093578641042221 0.10055701089576327 0.08278029121570682
0 0.485049431369578 0.9586329794767355 0.09765053218308672 0.08273404104652897